16217
16010
15832
14098
13041
3270
1393
1327
1146
1004
956
824
783
740
310
301
286
271
270
264
258
255
249
242
237
225
201
185
179
175
170
65
60
49
48
45
41
39
38
37
36
9
19
31
32
78
79
89
101
110
117
123
147
161
338
413
438
475
479
522
533
548
589
592
604
677
2238
2958
10515
12925
1327 48 
1327 39 
1146 39 
310 48 
310 39 
286 38 
271 48 
271 39 
270 48 
270 39 
255 48 
255 39 
237 48 
237 39 
225 48 
225 39 
170 48 
170 39 
170 38 
48 65 
41 65 
39 65 
39 60 
41 48 
39 48 
38 48 
36 48 
32 48 
48 79 
48 89 
101 48 
110 48 
147 48 
413 48 
438 48 
475 48 
2238 48 
39 41 
38 41 
32 41 
38 39 
36 39 
32 39 
39 79 
39 89 
101 39 
110 39 
147 39 
39 413 
39 438 
39 475 
39 533 
2238 39 
12925 39 
37 38 
36 38 
32 38 
110 38 
310 39 48 
237 39 48 
225 39 48 
170 39 48 
170 38 48 
170 38 39 
39 48 65 
39 41 48 
39 48 89 
101 39 48 
110 39 48 
39 475 48 
38 41 48 
38 39 48 
110 38 48 
36 39 48 
36 38 48 
32 41 48 
32 39 48 
32 38 48 
38 39 41 
32 39 41 
110 38 39 
36 38 39 
32 38 39 
170 38 39 48 
38 39 41 48 
110 38 39 48 
36 38 39 48 
32 39 41 48 
32 38 39 48 
